   1.0000000e+00   1.3010477e+00   3.5894946e-01  -1.7599317e+00   7.8216717e-01  -2.9059546e-01  -4.4701396e-02  -1.5797013e-01  -3.2917276e-01   2.2340061e-01  -5.3596483e-01
   2.0000000e+00   1.8010213e+00  -6.2299412e-01   6.5678663e-02  -1.1467200e+00   2.5143465e-02   2.5711008e-01  -6.3235636e-01   4.0859020e-01  -9.9006656e-01   5.2752031e-03
   2.0000000e+00   5.4961814e-01  -1.2021066e+00   2.2367788e-01   7.1641257e-01  -1.9438133e-01   6.7909218e-01   1.6094334e+00  -1.6464072e-01  -3.1747060e-01  -2.4722045e-02
   2.0000000e+00   6.1927285e-01   8.6336046e-01  -5.2212016e-01   8.7379290e-01   1.6622966e+00  -1.8115506e+00  -9.1454254e-01  -7.4455135e-01  -2.7272023e-01   2.0159007e+00
   1.0000000e+00   7.6991597e-01   2.9413672e-01   1.6684265e+00   2.6745143e-01  -6.8434842e-01   9.3534623e-01  -1.2183721e-02  -3.5215309e-01  -4.6601686e-02  -1.3739273e+00
   2.0000000e+00  -6.0124634e-01  -1.9286884e-01   6.8712069e-01   1.5961230e+00   1.9352225e-01  -1.7862982e-01  -2.7518143e+00   8.3143265e-01   7.5286684e-02   5.8972635e-01
   1.0000000e+00  -1.2068544e-02   4.3252543e-01  -2.6522096e-01  -9.8201133e-01   2.0284233e-01  -9.7935056e-01  -3.7074246e-01  -5.7343094e-01  -7.7890447e-01   1.7024141e-01
   2.0000000e+00   1.2418647e+00  -5.1574411e-01   6.2271830e-01   4.5125602e-01   1.2869571e+00  -1.6222583e+00  -6.7861790e-01   8.5875828e-02   1.5545780e+00  -1.9005800e+00
   2.0000000e+00  -4.7041024e-02  -6.9885566e-01  -4.2493052e-01   1.4113852e+00  -2.2663439e+00  -7.9626562e-01   6.1922950e-01   4.5840039e-01   1.7632700e-01   7.8944682e-01
   1.0000000e+00   7.2477501e-01   3.7379959e-01  -1.1742078e+00  -2.4759783e-01  -4.0073097e-01  -6.6049432e-01  -5.2902953e-01   1.0410514e+00   3.7232370e-01   6.9495708e-01
   2.0000000e+00  -4.2623587e-01  -2.8410857e-01   3.3780987e-01   1.3968388e+00   1.0971214e+00  -6.7856958e-01  -7.8076671e-01   1.3169543e+00  -2.0292730e+00  -1.1839133e+00
   1.0000000e+00  -1.2604985e+00   5.2115043e-01   4.2064912e-01  -9.4998757e-01  -1.4404436e+00  -4.9992499e-02   6.1083534e-01  -1.4815484e-01   2.3068943e+00   3.4806969e-01
   2.0000000e+00  -1.0194806e+00  -1.3337951e+00  -5.5001708e-01   2.6478349e-01  -4.6336489e-01  -1.5824900e+00  -1.7654788e+00   1.7790965e+00   4.7383892e-01   1.5894801e+00
   1.0000000e+00   1.1718305e-01   3.1342835e-01   1.0919395e+00  -2.2507199e-01   1.7882851e+00   4.0603510e-01   5.1534350e-02  -3.3136111e-01  -1.8114156e-01  -4.0861195e-01
   2.0000000e+00  -1.4701038e+00  -1.4826564e+00  -9.2134043e-01   6.9041029e-01   1.7734682e+00   1.2356874e+00  -4.0665145e-01  -7.4335746e-01  -1.5236258e+00   8.3710777e-01
   2.0000000e+00   2.5181322e+00   1.0596854e+00   2.2755652e+00   6.8990254e-01   7.8882313e-02  -9.8286331e-01   1.1319599e+00  -3.2630606e-01  -9.4420004e-01   1.0016903e+00
   2.0000000e+00   3.1913737e-01  -1.4457683e+00  -8.9546459e-02   1.1132470e+00   3.1315392e-02   1.9314039e+00  -4.0224523e-01  -2.5509689e+00  -4.5500077e-01  -1.5387791e+00
   2.0000000e+00   1.4415141e+00   8.0852424e-01   5.9394896e-01   1.1048451e+00   5.9396804e-01  -8.0740019e-01  -1.1235557e+00  -8.0707033e-01  -6.0277496e-01  -3.2727132e-01
   2.0000000e+00   1.8685541e-01  -8.3549880e-01  -7.1366231e-01  -2.0935550e+00  -6.6768438e-02  -2.0346692e+00  -4.8811235e-01  -1.1137580e+00  -9.4885172e-01   9.7832453e-01
   2.0000000e+00   1.1284583e+00  -1.0533472e+00   5.2535660e-01  -1.1372700e+00  -3.5778101e-01   9.1871237e-02   1.3547677e+00  -2.1091520e+00   5.7077673e-01   1.8141690e+00
   2.0000000e+00   4.3365915e-01  -1.0968321e+00   6.1325409e-01  -1.0490373e+00   1.2324587e-01  -1.9897160e-01   3.1965914e-01   1.7525160e+00  -2.5088534e+00  -1.5557127e+00
   2.0000000e+00   6.6465133e-01   1.8414261e-01   2.2284118e+00  -5.3680721e-01  -6.4666279e-01  -1.4024299e+00   1.3526601e+00  -4.4053970e-01  -7.6801468e-01  -1.5238525e-01
   2.0000000e+00   1.3081806e+00  -3.3861479e-01  -8.0330585e-01   2.5957910e-01  -1.0677251e+00  -2.3947012e+00  -1.4063545e+00   1.5270777e-01  -6.4519125e-02   2.5994173e-01
   2.0000000e+00   5.2021961e-01  -9.2803300e-01   4.9692540e-01  -1.6440602e-01  -1.1326358e-01  -1.4051375e+00  -1.6607095e-01   1.7277766e-01  -1.4982341e+00  -6.5934857e-01
   1.0000000e+00  -3.8890712e-01   3.6890299e-01   3.7222401e-01   2.3912306e-01  -1.6000081e+00   6.4122800e-02  -5.2027152e-01   1.8167980e+00   1.1402746e+00   1.2763378e+00
   1.0000000e+00  -7.9350426e-01   1.3875321e-01   2.0997138e-01   2.2724888e+00   9.9411374e-01   2.2755899e-01  -2.8536417e-03  -4.4272195e-01  -8.7033916e-02   1.5007265e-01
   2.0000000e+00   3.4711773e-01  -1.4892944e+00  -8.3977650e-01  -2.6406644e-01   1.1111405e+00   1.1002850e+00   5.8645375e-01  -2.2078695e-01   3.9717442e-01   1.4224239e+00
   2.0000000e+00  -1.4438815e+00   1.4715709e+00  -6.6504718e-01  -8.4440945e-01   1.0276154e-01   5.8727079e-02   4.7087027e-03   7.5854186e-01  -8.6193384e-01  -6.7135964e-01
   2.0000000e+00   3.8782286e-01  -1.8691818e+00   2.9271004e-01  -3.6170731e-01  -5.4970654e-02   1.1718676e-01   4.5849296e-01  -1.8650573e-01  -1.6251946e+00   9.0702238e-01
   2.0000000e+00  -2.0316404e-01  -1.8827592e-01  -2.8627787e-01   9.2082661e-01   5.7232976e-01  -4.9502943e-01   7.8295730e-01   9.9904505e-01   9.2544147e-01  -2.5386416e-01
   2.0000000e+00  -2.1558576e-01  -7.2309509e-01   1.2154415e-01   3.9289078e-02   1.1921499e+00   7.1098419e-01  -7.1504462e-01  -4.2399434e-01   9.7001729e-01  -5.4176990e-01
   1.0000000e+00   2.5236760e-02   5.1616111e-01   4.8798638e-01   2.7535481e+00   1.2308755e+00  -1.8457691e-01   4.3742691e-01  -1.8128568e+00  -1.2317911e+00   2.0072304e-01
   1.0000000e+00  -4.1039799e-01   7.0625405e-03  -4.7275023e-01   4.1914172e-01   7.5655270e-01   7.7741167e-01   3.3058756e-02  -7.0112428e-01   1.1141011e+00  -1.1199160e-01
   1.0000000e+00  -2.9699545e-01   3.2411479e-01   8.6600795e-01  -3.0584184e-01  -2.2349527e-01   2.6169529e-01  -6.4992307e-02   1.4313539e+00  -2.7608596e-01   2.7103083e-01
   2.0000000e+00  -8.3230726e-01   1.8002485e+00   1.5577654e-01  -1.7792362e-01   3.1597573e-01   8.4118356e-02   7.9853168e-01   1.1398993e+00   1.5444958e+00  -6.8000469e-01
   2.0000000e+00  -5.5094593e-01  -2.7464114e-01   5.9429953e-01  -1.0993569e+00   9.9025565e-01  -7.7429910e-01  -4.5412398e-03  -1.7193701e+00   1.5955890e+00  -2.0850882e-01
   2.0000000e+00   3.6316329e-01  -1.9462971e+00  -3.1398975e-01  -1.2362485e+00   2.6048611e-01   9.2472498e-01   2.1440597e-01  -8.5519485e-02   4.3196207e-01   1.5434367e+00
   2.0000000e+00   8.7283009e-01   5.5782857e-01   1.1477358e+00  -1.0116367e-01  -2.2045877e+00   1.4386216e+00   1.2819469e+00  -2.0266140e+00  -3.9799339e-01  -1.4150532e+00
   2.0000000e+00   1.2052057e+00  -4.7526353e-01  -5.3040263e-01  -1.9973792e+00  -4.7050065e-01  -1.5415497e+00   5.8884439e-01  -1.0572769e+00   6.4267168e-01   9.9917956e-01
   2.0000000e+00   1.1536446e+00  -8.6424216e-01  -7.8891955e-01   3.9578979e-01   2.9001245e-01  -7.3434698e-01  -1.4710004e-01   8.8482154e-01   9.6550570e-01   3.0085925e-01
   1.0000000e+00  -1.9320748e-01   7.3317448e-01   1.9379326e+00  -1.4579552e+00  -2.4766090e-01  -6.5952131e-01  -4.1926380e-01  -3.2883843e-01  -6.9603563e-02   2.1857319e+00
   2.0000000e+00   9.3072509e-01  -2.8936991e-01   5.0748760e-01  -2.7367707e+00   1.8732152e+00  -3.2479076e-01   5.3856033e-01   5.1143177e-01   1.4281544e+00   1.9886461e+00
   2.0000000e+00  -2.2983621e-01  -1.1578245e+00   9.2979027e-01  -2.4355155e-01   1.3244870e-02   1.9780614e+00  -3.9593285e-01  -1.1711099e+00  -1.6678608e+00  -8.8257910e-01
   2.0000000e+00  -5.9738681e-01  -1.2002295e+00  -1.1705667e+00  -7.9585035e-01  -3.5637225e-01   3.0539563e-02   1.0611729e+00   2.2824093e-01   4.3624343e-01   1.7813680e+00
   2.0000000e+00   3.8335492e-01   1.2200515e+00   1.2362514e-01  -9.1790208e-01  -5.6509430e-01   1.8402965e-01   9.7411212e-01  -1.6782678e+00  -5.8749813e-01  -4.5016038e-01
   2.0000000e+00  -1.0786516e+00   4.3293201e-01   1.0436735e-01  -4.7198141e-01   1.5016209e+00   4.9799884e-01  -8.4688585e-01   6.5838820e-01  -5.1696122e-02  -7.0266004e-01
   2.0000000e+00  -1.8747828e-01  -2.4719369e-01  -4.7514191e-01  -3.0120106e-01  -1.4620487e+00   1.3447743e-01  -1.3633577e+00   4.7125847e-01   6.2264175e-01  -1.2631491e+00
   2.0000000e+00  -5.7149949e-01   6.9249532e-01  -5.2031254e-01  -3.1877175e-01   1.6954605e+00   1.8157074e+00  -7.1806447e-01   8.7864737e-01   1.2111287e+00  -6.3271582e-01
   2.0000000e+00   1.7322790e+00  -1.3093556e+00   2.7076940e-01   2.6884812e-02  -8.8024369e-01  -5.1209220e-01   1.4088465e-01  -4.9805838e-01  -7.3996440e-01  -6.0456755e-01
   2.0000000e+00  -5.7021488e-01  -8.6506999e-03  -2.3458271e-01  -1.2089085e-01   7.7892897e-01   2.8900560e-01   1.0273126e+00  -8.6768410e-01   4.6032611e-01   3.5526771e-02
   1.0000000e+00  -2.9510588e-01   5.2189608e-01   7.4369099e-01  -1.5996477e-01   1.1622192e+00  -1.2288744e+00  -3.2682996e-01   7.5480106e-01  -3.4326390e-01   1.0707624e-01
   2.0000000e+00   1.1649075e+00   6.2795104e-01  -2.3637908e+00  -5.2829214e-01   1.0639937e+00   4.7715204e-01   1.0391615e+00   1.8978796e+00   4.3734492e-02   1.5784261e-01
   2.0000000e+00  -1.5264937e+00   8.8110805e-01   1.4674652e-01  -3.2329038e-01   6.7729499e-01  -5.7958004e-01  -9.8111669e-01   7.5501317e-01  -1.4878599e+00  -6.4372347e-01
   2.0000000e+00  -1.8487742e+00  -7.8010999e-02   1.7727889e+00   1.0074395e+00  -6.5538140e-02   4.9109304e-01   2.3343030e+00   1.5610420e-02   7.5194422e-01   4.1479868e-01
   2.0000000e+00   4.6578775e-01   4.1110272e-01  -9.3747591e-01  -3.7108393e-01   1.2354654e+00   2.8760379e-01   8.9971530e-01   3.7952324e-01  -5.0223814e-01  -1.1678001e+00
   2.0000000e+00   8.5033035e-01   5.6517360e-01   2.1699603e-01   4.4200730e-01   3.7001282e-01  -1.3191694e+00   2.1778118e+00  -6.9913236e-01   7.2931437e-01   1.8164015e+00
   2.0000000e+00   1.8062120e+00   1.9207382e+00   8.5530103e-01   5.6901651e-01   1.4028657e+00   1.6870357e+00   9.1561948e-01   4.7930714e-02  -6.4066182e-01   1.5407348e-01
   2.0000000e+00  -2.3231794e-01   1.1583201e-01  -3.0216923e-01   4.2313711e-01  -3.3574646e-01   9.3953656e-01   2.0966108e+00  -9.7257426e-01  -3.7805053e-01  -4.4299836e-01
   2.0000000e+00   7.4197603e-01  -8.7138269e-01  -8.2620067e-01   8.0513561e-01   1.1223433e+00   1.4016649e+00  -9.4500620e-02  -3.4400383e-01  -1.1220396e-01   2.2046502e-01
   2.0000000e+00  -1.8552217e+00   1.3967088e+00   1.0298654e+00  -2.8456369e-01   1.0229367e+00  -1.0277994e+00   5.9558205e-01   1.9699547e+00   1.6639676e+00  -1.5960051e-01
   2.0000000e+00   1.6034820e+00  -1.3351716e+00  -1.2883525e+00  -1.9107597e-01  -1.3485982e+00  -7.6439607e-01  -6.3662122e-01   1.2187109e+00  -7.7897381e-01  -2.4915689e-01
   2.0000000e+00   2.9764165e-01   4.4623666e-01  -2.3748069e-01  -1.1615351e+00   2.4716911e-01  -2.4134555e-01  -1.0675960e+00   4.6945635e-01  -7.7652477e-01   1.5485611e+00
   2.0000000e+00   9.0219239e-01  -1.3862546e+00  -4.1476952e-01   8.5316524e-01   2.3299378e-01  -7.9492739e-02  -2.2854159e-01  -9.8994081e-01   5.7540818e-01   2.3635192e+00
   2.0000000e+00  -2.8086112e-01   1.6677471e+00   7.5769627e-01  -6.1472318e-02   9.5938470e-01  -1.3443977e+00  -2.6435206e-02   2.3039783e+00  -2.0315093e+00   2.8472382e-01
   2.0000000e+00   9.1606945e-02  -1.1251797e+00  -5.9457978e-02  -9.2837567e-02  -7.1802287e-02  -4.4857115e-01   2.0596055e+00  -8.6231079e-03   4.2715721e-01   4.8909452e-01
   2.0000000e+00   2.6568580e-01   1.3651477e+00  -3.9630593e-01   4.6465981e-01   6.6909350e-01  -4.0582780e-01  -1.4508315e-01   4.0395856e-01  -1.3439857e+00   6.2585122e-01
   2.0000000e+00  -5.8926354e-01  -9.1616622e-01   2.0430527e-01   3.1876781e-01  -5.0991582e-01   1.3501447e+00  -1.1538972e+00   7.6875088e-01   5.9411159e-02  -2.7821335e+00
   1.0000000e+00   9.0119150e-01   1.6856981e-01   5.6975135e-01  -2.7272135e-01   1.1363699e+00  -1.5843324e-01  -9.7888887e-02  -8.5906731e-01   1.1486081e+00   5.8752014e-01
   2.0000000e+00  -9.8456701e-01   9.0306431e-01   1.5481789e+00   2.7892719e+00   1.0682588e+00  -6.7101475e-01   1.0541526e+00   1.1156923e+00  -4.4947779e-01   9.9538380e-01
   1.0000000e+00   2.1044731e+00   5.1435229e-01  -1.0159046e+00   3.1791608e-01   2.0734997e+00  -1.6738749e+00   2.1732222e-01  -6.5378002e-01   5.1891212e-01   4.6769394e-01
   2.0000000e+00   1.0426998e+00  -5.3361868e-01  -2.8558128e-01  -7.1269627e-01   3.3037300e-01  -1.3193363e+00   1.9469976e+00   9.7491357e-01  -4.3763572e-01   5.8244592e-01
   2.0000000e+00  -1.5769577e+00  -1.6296576e-01   1.5061772e+00   1.1396744e+00  -2.1594681e+00  -1.5813152e+00   1.5067966e+00   1.2923752e+00  -1.6090418e+00   1.3927984e-01
   2.0000000e+00  -1.5739359e-01  -1.1768255e-01   4.4736107e-01  -2.2163876e+00   1.2162941e+00  -5.9942547e-01  -6.0241397e-01  -1.8054651e-01  -1.3585503e+00   5.4738599e-01
   1.0000000e+00   3.6502340e-01   5.7199509e-01   8.9932904e-01  -1.3736386e+00  -4.3844927e-01   6.9008927e-01   3.1074532e-01   5.7223703e-01  -9.2476228e-01  -4.2843273e-01
   2.0000000e+00   3.8820525e-02  -5.3599740e-01  -2.0214080e-01  -8.8703344e-01  -6.2408069e-01  -1.3028228e+00  -1.1517641e+00  -2.4153451e+00  -1.7321005e+00  -6.6373645e-01
   2.0000000e+00   2.4930303e-01  -2.4998251e+00   2.5283058e-01   7.2541297e-01   1.6028343e+00   1.8426746e+00   5.6597512e-01  -1.3869970e+00  -2.0057624e+00  -6.6816276e-01
   2.0000000e+00  -4.2527941e-01  -1.1435174e-01  -8.7727270e-02   6.0754005e-01   1.7119934e+00  -3.7059888e-01  -1.4626633e+00  -1.8886981e+00   4.2344142e-01  -1.2482500e+00
   2.0000000e+00   3.0839316e-01   7.4614417e-01  -1.3329970e+00  -3.8035330e-01   1.8815491e+00  -9.4509336e-01   1.5209265e+00  -2.0656659e+00   1.1644312e+00   1.1135216e+00
   2.0000000e+00   3.6317544e-01  -8.0524680e-01  -1.1608391e+00   1.2235281e-01  -7.3344661e-01   6.4330467e-03   2.3202473e+00   1.0002249e+00  -7.4390649e-01  -2.1805549e-01
   2.0000000e+00   2.5741464e-01  -1.6269766e+00  -1.5642178e+00  -2.0937293e+00   3.5801956e-01  -1.1101130e-01   3.5346449e-01   1.3547036e+00   5.6223323e-01   3.2012129e-01
   2.0000000e+00  -1.0072559e-01  -5.2901162e-02  -7.3008367e-01   1.5080778e+00  -1.2251016e+00  -1.6143190e+00  -4.7130713e-01  -5.2224434e-01  -1.6568665e+00  -6.1007049e-01
   2.0000000e+00   4.9923920e-01  -1.4410875e+00   1.4198496e-01   4.0958681e-01   6.0739495e-02   1.3580206e+00   3.0420026e-02  -1.5323541e+00   1.3565215e+00   1.0315916e+00
   2.0000000e+00   2.5201720e-01   8.6713061e-01  -5.4233118e-02  -3.1760909e-01   7.9677415e-01   8.5776540e-01  -6.9619799e-01  -5.3964119e-01   9.0535541e-01  -5.4093078e-01
   2.0000000e+00  -3.8464165e-01   2.8702289e+00  -4.0644380e-01  -1.8093705e-02  -1.8704106e+00  -5.4781364e-01  -5.1922661e-01  -1.0811766e-01   4.0123933e-01  -7.2634188e-01
   2.0000000e+00  -6.2673094e-01   3.8150456e-01  -1.0828666e+00   1.6109593e-01   6.7988315e-01   1.1656268e-01  -1.6975353e+00  -2.8960388e-02   5.1592905e-01   8.8264145e-01
   2.0000000e+00   5.2953902e-01  -5.0148269e-01  -3.8483543e-01   1.4554428e+00   2.2581915e-01   5.7402532e-01   9.4459123e-01   2.2747230e+00   8.5526533e-01  -5.1893252e-01
   2.0000000e+00   1.1069459e+00   2.6154907e-01  -2.3802032e+00   1.9787555e-01   1.2591931e-01   1.0030875e+00   9.9228424e-01  -2.7618737e-01  -1.1521922e+00  -1.1689567e+00
   2.0000000e+00   4.0830213e-01  -6.8234669e-01  -1.9670156e+00   1.4561044e+00   1.0713358e+00  -7.5450422e-01   3.9512236e-01  -4.7006487e-01  -1.3755963e+00   2.5355502e+00
   2.0000000e+00   6.7973826e-02  -2.5554062e-02   4.3360681e-01  -6.1914188e-01  -5.4664413e-01  -2.7676065e-02  -2.3710852e-02   8.9517375e-01  -4.2151458e-01  -8.3378331e-01
   2.0000000e+00   8.7024318e-01  -1.3912886e-01  -2.1474056e-01   9.5163851e-01  -2.2150848e-01   1.5186629e+00  -1.5076679e+00  -1.2325785e+00  -5.3856000e-01   8.9609420e-01
   2.0000000e+00  -2.3164503e+00   1.1608282e+00   5.7990533e-01  -9.4765112e-01   6.3346934e-01  -3.5330879e-01   3.2085031e-01  -1.0974892e+00   3.3596359e-01  -9.7177031e-01
   2.0000000e+00  -9.7924573e-01   3.5777798e-01   1.8351833e+00   2.2719467e+00  -1.6980528e+00   2.2126212e-01   1.4587350e+00  -4.9875560e-01  -1.2027411e-01   7.5308593e-01
   2.0000000e+00  -1.2596967e+00  -2.3951307e-01  -7.6508314e-01  -1.7840802e+00   1.0334925e-01  -1.7832280e-01   1.0522387e+00   8.9541635e-01  -1.0769067e+00   3.0891486e-01
   2.0000000e+00  -2.0353842e+00   6.8843817e-01  -3.7374491e-03   9.8440028e-01   2.8475795e-01  -1.3952232e-01   9.7683046e-01  -1.7717067e+00  -5.4171199e-01  -8.5727328e-01
   1.0000000e+00   1.4113449e-01   4.6065451e-01   1.8729770e+00   1.0385155e+00   5.2879974e-02  -1.2721859e+00   4.3813715e-01   6.5174532e-01   3.9878097e-01  -2.9954857e+00
   2.0000000e+00  -1.4607566e+00   1.2528748e+00   3.5257422e-01   1.1254269e+00   2.1443947e+00   6.7362375e-01  -1.1606899e-01  -3.4756996e-01   1.5818967e+00   2.0028839e+00
   2.0000000e+00  -3.9565496e-01  -5.6624447e-01  -5.1587699e-01  -7.3769476e-01  -6.2520234e-01   3.4345156e-01  -1.5459566e+00  -6.1845446e-01   3.7463941e-01   4.3399460e-01
   1.0000000e+00   1.3919393e-01   2.7766617e-02  -5.7277752e-01  -2.9845320e-01  -9.9089907e-01   1.4954294e+00  -1.0965591e-01   5.1645973e-01   4.5279983e-03  -8.4629135e-01
   2.0000000e+00  -7.3937629e-01  -2.1577437e+00  -1.2317488e-01  -7.9373252e-02  -2.5138414e-01  -1.3511577e+00   1.1341660e+00  -4.5781918e-01   1.8935861e-01  -1.2308054e+00
   2.0000000e+00   5.3669254e-01  -1.8177630e-01  -3.6984832e-01  -1.1593956e+00  -4.0181280e-01  -8.8770101e-01   6.2336270e-01   2.0670751e+00  -2.2477478e+00  -1.8561581e-01
